630471
243706
495440
880271
439459
755664
426438
297016
883992
890281
25991
378156
968939
600358
652142
710168
958424
838558
668905
87977
248350
957170
856320
177670
508849
866038
999522
942422
73883
845555
349836
931344
70338
498859
704691
997228
37930
388347
792949
339498
485577
619698
900485
123350
579789
859811
925707
525147
710499
587191
129868
29292
886421
322423
886037
397687
498356
386085
839780
491120
225666
605109
166981
692299
50278
342116
902995
145831
622022
291355
838774
723
982653
481524
185169
913209
891367
707061
167621
504046
794827
44036
344190
126811
30326
377341
210538
765560
319397
801766
182800
399313
207347
851787
100578
517049
867917
160949
113903
856507
363436
122358
211295
263147
797560
592778
687804
913809
810416
212966
582324
881047
678735
509475
742416
577203
868228
881342
173423
946977
449911
407489
797632
841633
123253
902982
215932
613968
779799
98049
216961
504223
418309
886098
25816
788262
436081
126795
408171
716808
930650
538996
766755
72581
99303
134623
986650
789947
902063
314740
915668
265286
506962
951784
709237
856433
14169
772536
553858
273716
753282
629826
754036
428893
286504
490906
908438
206804
515782
25435
558564
31275
110921
327003
990825
256245
542051
304065
648847
949227
550818
475612
444849
670636
169539
286232
250489
713262
724645
289402
435869
349246
773041
651253
426266
443666
786125
751280
267133
901137
824684
832866
237698
866817
711460
682970
15756
954345
269453
580140
742460
1363
465808
314240
142771
350175
643371
539563
427285
948666
34325
714960
242987
1602
289764
492990
917662
858738
992389
777289
314105
257845
703151
637784
235694
683258
735505
414323
938846
796969
903109
962473
859227
662053
256912
803641
647086
842957
519790
812854
876764
459443
181777
461950
927061
992281
277191
79866
975953
646517
635845
798011
971255
972220
799362
799429
384580
769362
865356
726426
389999
904645
506354
666516
220847
942277
250270
665461
267785
469209
721070
632384
616592
648157
826263
523
822043
784179
754119
559325
499811
888798
515297
423216
629239
616487
17044
364619
596702
343954
795253
955125
250487
580977
454168
31902
415694
657970
923697
948149
887081
222021
620484
628090
188686
318577
450428
610574
252814
103326
18456
804612
609245
565715
200307
991672
301380
809719
771834
634894
366054
725327
929737
993534
36710
393297
588942
545097
653857
599106
318968
206247
767217
791550
145479
470105
512288
912907
453351
9737
605587
748462
508895
420152
591297
664800
230798
832542
253772
248437
583587
565764
3760
619741
354216
664416
142924
419017
682511
532009
572042
394111
934070
467371
66117
681916
701638
659455
984830
336945
98919
966445
619790
70236
95917
487208
478942
975140
700359
346607
775346
260365
924144
824716
941930
19618
193275
353905
24886
823889
542183
360306
161793
561322
295619
180700
63281
955631
337963
401495
116744
354375
817483
59533
419484
156371
53347
879560
62267
302124
616312
472110
607279
911898
852547
513263
61217
679340
620357
604332
914483
692614
41363
671924
47508
679948
747635
712361
100943
687447
880886
512274
619094
841752
459331
251528
923101
303168
51117
808827
871401
193576
891526
600029
145985
215092
152245
636119
515895
57291
407231
776869
685714
70869
714762
871424
456967
841606
525976
923120
117619
635431
953433
911502
153489
592349
373216
979438
174702
822440
94250
54309
255200
284887
792128
440560
810590
558452
423013
415998
637137
666491
373713
825483
208751
806672
438586
956958
661191
618232
467721
674479
877687
754404
760380
952524
525399
732855
391576
344906
987129
304869
612246
104677
514689
279741
15698
372028
438608
710700
298944
757241
845303
601453
632126
322809
227954
86575
499681
962241
149157
228563
488605
256071
366155
274248
140985
158825
208037
785032
912477
110941
126367
883014
491064
168113
231694
531171
260370
118844
927978
142131
519897
385341
260393
423275
387754
615648
534642
5038
540193
229722
908623
235916
816661
774093
173271
243920
329907
83969
465649
73254
415514
301383
586663
627684
112899
928841
65545
680713
551426
670872
251253
390994
37052
770738
716363
670925
16918
207390
911311
228595
411135
178159
880098
677293
895653
407101
162490
371956
731428
873664
982797
937604
248657
889235
497112
108356
294850
173737
761407
922742
676408
947998
770652
414935
401649
760397
157139
99325
125524
336602
600061
819497
395686
227436
694963
633965
516656
233066
700434
762315
589161
795186
222583
555855
347043
714975
545292
563291
955262
430412
420039
248881
671921
618181
296220
6410
819319
344218
953559
519793
845486
574927
436002
399071
258095
653930
781327
406541
939310
333005
932037
382229
368555
198835
777459
313815
207933
367356
250845
710879
348907
653600
827803
101718
108655
475961
70158
631585
231635
974035
715971
139507
339654
53996
292063
135637
626661
298224
112724
161500
988910
12355
616235
583787
745615
543763
488491
399551
26817
93007
395034
227085
171976
976128
260688
558733
359873
584917
854022
969782
718
780965
828477
575257
286900
880366
941324
923903
682146
263074
161204
176632
241147
748971
392576
730228
366928
708237
711923
185030
851623
356667
147023
62307
97983
386892
892846
310719
986483
213001
778877
583611
171687
406830
47649
78555
858038
173808
325691
456267
400572
273948
854701
816589
776837
50620
706650
96681
150184
626017
403831
334272
46990
632817
205225
678330
165987
467672
622794
29699
473249
481351
803597
736596
339178
701368
444964
508891
508713
980742
149510
760313
16811
820440
180739
806425
867275
882375
84502
642145
696165
973852
398847
659732
824426
164701
260513
141086
10493
462142
656941
179556
335544
563597
287006
269335
687153
362500
551878
428639
275263
302604
434089
170432
432954
168135
991758
224362
55112
115319
634631
955333
774905
677309
384364
607936
709476
222901
83302
450050
251268
531323
326348
997700
353844
408420
5591
396159
239406
587185
21166
828408
299165
702768
72064
978402
942524
341504
591849
279770
462487
268288
550701
714330
456080
583357
887593
912347
8009
614037
537595
969979
422234
440372
532374
297901
255894
213482
174708
795172
794316
555997
903731
971455
846201
639261
840118
146576
578036
818630
244299
302580
273021
284250
334314
850994
367509
566963
81555
158801
115727
116620
640610
972235
981509
486667
831440
601826
590917
527732
264626
630522
589316
959564
283088
648829
261148
506334
326876
562285
889916
807133
669147
395609
58213
134399
357227
815674
929628
530028
904064
39256
696855
732800
847993
338559
968831
79412
594336
416964
891891
832239
476905
187045
471101
297772
34683
824167
475451
117626
357736
281780
368555
992551
142513
649728
978166
670342
113831
278588
640461
843862
91986
947680
889109
952126
419833
133153
159352
934028
590321
8636
125017
140285
707542
636914
63028
553657
703854
451241
60305
800601
413241
754856
332898
933990
98740
848284
738937
691474
451961
954235
628056
903149
48899
777006
128385
678067
983862
305747
308642
823018
209811
603684
29246
444710
812048
47233
657891
427176
446187
829059
157999
725700
411113
713023
975492
119667
34426
116373
426232
339542
815317
37679
404095
425459
993375
946145
290272
800342
190821
511375
949593
620963
916646
670714
423926
135164
290916
534217
702692
685770
134059
926268
738815
668903
44550
116134
63425
18457
917658
20398
186139
982658
18334
246152
411956
914242
35600
489946
783512
810556
682863
104708
764202
953326
927649
876504
853680
824265
181720
168084
83561
308270
444163
592502
729961
933134
270309
816458
740845
668705
5361
721585
747723
444993
447256
455602
926610
635074
145672
855869
640549
647496
942266
19981
664693
515730
419903
821352
151637
562404
24702
135889
747473
16629
151769
431211
182112
50854
402551
489118
162252
875786
249158
519633
16621
654509
936666
39250
550207
695726
867591
506923
91090
336496
915324
648640
504345
783311
177784
117422
631191
905938
367977
233688
408482
395464
389228
50714
396279
163809
593366
851819
851860
855445
18761
246980
270488
74647
318950
578921
359200
783212
955490
510597
862025
156605
301123
395011
744409
926351
96788
498170
471378
945939
773870
368908
811047
322633
849486
218034
999244
158254
620658
893834
381926
965968
738710
145312
356815
267792
164193
311749
361187
964307
506307
875083
152488
674670
442265
577608
563104
418980
344707
867378
899773
726112
594566
720890
485169
8471
416263
187927
869807
181914
346337
979712
221930
465755
142575
669909
199001
553632
828575
880585
948444
680149
128215
107829
832948
704703
987531
907099
539177
38409
616093
390581
394871
400639
213901
251433
196264
845795
750540
325709
360162
638260
468037
656019
763497
218270
81860
323466
735040
260731
841409
321865
717718
154524
687546
177919
816261
224484
989850
744555
28974
277195
776382
531525
389232
855166
616076
612742
646975
805772
659177
177296
846528
674911
802650
848957
885327
940970
997884
532683
490611
689318
610830
338290
173704
48307
408733
212920
894765
341785
632892
221885
492089
406513
54709
796738
940483
804511
670630
489433
22423
268030
653976
158546
560205
548026
929870
601436
675073
971243
229333
583863
224852
148617
832784
762290
174861
966736
683257
376834
668529
909056
858072
342459
415720
564202
694258
291518
159137
658995
817610
397632
146629
734180
8829
237465
675519
849412
955225
987018
813358
409071
590012
10671
188082
891668
676937
227544
116473
565671
701646
368350
659917
55923
629764
763138
461548
512265
85003
510075
810142
509627
550612
177605
230517
122885
51345
355668
307723
893961
712304
989557
121718
829586
827778
856002
127781
96319
43589
483591
899911
758342
716433
541179
235647
230765
776400
286484
377145
538384
716183
492195
999487
217223
817160
520830
514277
817657
622264
799824
971839
89485
898468
669400
962343
553637
682243
172323
75139
97943
116951
551437
194407
831015
888083
13718
765804
282837
13276
664027
956
803094
345609
894818
19226
615771
146301
688836
387523
398730
814132
348088
89365
380718
575066
440509
481779
697911
88391
157294
765010
577334
806939
403033
799364
679127
332300
189940
302632
115822
499512
586497
618049
52541
842756
99678
729392
55030
94621
208311
540024
736250
606725
911272
854336
35860
741190
446419
410772
202212
320298
618
754526
873585
339687
337053
958760
741791
839523
362591
144251
316798
981661
681182
289692
303076
190168
143824
536604
529070
762068
655012
311767
602402
130585
375076
143928
107665
987099
750426
815785
834315
355585
315608
349357
346248
873810
706227
728437
479596
514533
480206
549699
13582
77040
44722
672448
642068
562084
982779
274917
531036
763668
877261
258124
971704
246532
320870
203458
779885
366748
908247
285880
786131
82452
424381
319756
506613
757560
317849
999623
337760
774729
404249
503355
251174
143078
175890
815691
652212
198747
704992
433708
902567
943091
357109
549060
376028
775031
114133
13768
381098
30193
861313
979096
875442
127946
202030
473434
969359
663485
35637
687529
551346
23577
224537
424002
553626
409539
683950
692141
366959
456685
739103
479367
53046
314939
936964
316080
590700
582534
63245
319971
598596
330047
541383
365703
812528
515049
120091
634556
456260
357269
358106
389341
895413
41047
70753
799419
341817
4635
602813
461126
930613
455850
602266
917786
427897
191854
477009
845508
307596
570465
369771
673176
86185
549979
982861
46630
937709
636792
314507
986921
360020
440532
552282
511397
524585
249033
452290
751665
434229
675977
106980
160793
862925
818534
329784
505608
851581
814242
297402
700073
372075
117487
489831
947772
423664
212778
59967
755657
67984
665053
11596
961374
559317
475615
518605
344013
812594
36370
356842
203707
168286
557339
285284
541486
571010
278443
411707
314946
395591
279853
485451
343325
297920
741970
255346
367747
639827
818784
476368
538705
648120
223081
46868
327204
345706
759135
543965
607594
986704
364279
23348
203110
829627
325415
752947
397731
745863
850666
29651
882378
351177
262114
302931
983435
985157
758697
840546
498483
983049
602400
666998
372726
172453
533319
560111
444784
718242
506580
225831
39500
795062
933237
787412
374238
24800
314230
203067
785124
878864
744368
198922
506150
771910
613423
699877
955914
199960
520185
634325
665657
54040
170914
850509
38781
200902
643612
327375
203058
548252
798030
225105
985969
413758
793794
791438
999034
745117
580201
373323
111824
379350
997412
700707
564648
652620
342527
557602
24139
687009
643264
814795
523496
951810
406717
811991
519287
410048
502162
965513
835978
836637
205867
403007
538357
275852
429020
569106
996287
65286
430155
773051
387331
342592
900398
605935
324562
211738
245690
477505
773503
27048
291341
469622
585427
855893
859109
739271
232421
227242
169825
857427
437307
75255
549610
841162
48680
879079
956861
135113
364018
198337
573914
882371
763833
789280
627089
617379
110318
641635
124592
721264
311371
539058
513898
730102
880685
872913
45178
75314
945115
624395
91469
313592
975205
834016
29006
224607
841047
6650
528684
250743
683320
768670
474087
641008
531361
803615
636256
596599
170930
682338
381499
299325
79423
858364
888561
157711
708125
490649
972893
404896
752341
625786
672028
521434
266975
63648
489074
957618
877953
647477
997917
476116
672624
425961
196717
895022
216850
350676
214812
210519
34820
675510
400002
871758
724417
388760
228022
590803
80906
73783
129806
418283
36729
69287
426473
166433
30970
201648
870247
505245
281146
235309
421541
410650
365870
425531
894646
260010
614512
537957
389306
905092
26411
830590
121661
101856
76012
15285
566276
395631
293792
443093
580893
948200
791731
747738
874364
821760
773694
171584
870123
407509
721539
247789
553057
93525
13122
860921
993735
354834
712646
12348
696915
378209
656624
853953
718083
69586
934502
427755
96193
958979
758345
838863
629070
937905
476004
270611
520983
334034
391893
165157
20969
443891
199228
633707
654223
33104
762210
484192
53925
5232
847212
186226
645009
497343
999051
298893
722493
391133
499989
133950
420060
248844
320169
326530
481093
60365
337092
633059
732838
447194
57141
581255
418187
277348
66677
899333
268989
194435
102886
994902
903297
791253
442610
260433
488103
371005
502167
639382
784561
914779
949414
102019
86111
486783
797167
999644
179517
33438
53030
138916
717772
112253
147546
495998
990306
224554
251881
531839
484465
511822
257280
300425
809757
897047
311637
557418
827132
937098
11775
560096
386586
94850
563070
590686
12713
405361
75960
375851
348482
26518
453243
343688
362512
406341
499603
94436
761016
389271
543088
424759
741331
512240
603868
558094
894862
579557
770809
967490
880451
166204
756028
859777
339942
945373
407250
824508
412211
207198
475112
568639
811011
204517
184533
51264
521946
887904
552015
263491
738929
632556
194692
672770
610998
283187
354012
700389
813075
918090
989715
959273
221954
149161
506511
632018
991107
411456
245513
142772
210235
8537
91379
558310
857951
760413
529916
312919
71781
303596
571735
857111
221238
132935
772097
433658
656957
700598
341465
727656
382099
824663
83094
6403
606631
447261
964847
147788
751903
756873
26178
59068
77565
433795
455682
184786
980168
536101
188997
802154
968708
554037
441702
262050
866335
170411
186982
487507
23199
860102
268831
500430
184852
895372
494330
191634
506684
881068
418858
579258
707060
75735
438186
45913
289399
357272
422967
321178
758533
745548
354871
794522
684985
940411
370553
486133
286443
930390
651354
726506
698519
725133
239073
272293
623909
442001
909078
76623
794564
705616
609859
385170
322241
134863
183859
656345
938703
456107
485130
91268
817222
183486
10910
214846
469697
958392
230219
750205
193652
241303
10943
517736
767314
17923
977577
366885
221852
459415
561256
751725
861928
654080
505224
672828
745545
579411
576058
146709
226402
743485
571877
332182
659300
641040
319586
56543
277743
895373
427810
773475
315834
344362
397963
71313
590182
614126
37633
231509
54442
66006
228106
874234
372159
527035
462546
85134
663191
484512
820487
191018
980693
954818
913806
684434
871287
696658
424318
930948
667346
513814
98358
316734
563906
245630
730862
819275
497023
499956
353485
315784
222302
614167
986388
328459
657002
595141
403835
623577
485269
760243
78743
272632
514143
323610
164672
260116
83388
353900
254105
322256
596996
615027
590727
417130
960209
6184
757418
767860
219226
357897
435725
785963
333902
281604
310864
340826
450571
680441
71326
800716
78114
212952
305761
251022
11500
687335
871456
761004
779075
342338
508697
157055
888717
944732
586601
413398
285721
99802
225258
138090
127979
806174
977973
609826
779974
733941
266164
371273
521640
647047
883349
263144
177610
69424
562104
648068
930657
720376
859219
788088
9473
960440
473952
375813
111723
325837
525514
203198
990212
757614
780408
231009
28267
436518
15309
776344
480434
368752
927119
963960
178697
157529
220819
194171
762907
478125
763196
393225
589243
5608
201544
330846
901000
56407
239454
371556
458319
404123
112814
971209
769182
349077
557164
536509
124038
935866
749144
486129
650319
223442
97840
844969
51538
996861
651217
639072
366977
374744
151084
255407
139304
703882
318490
90841
680383
113169
114138
305224
249113
613103
827615
524101
657602
446150
20088
490750
129870
558891
267956
561734
80034
259097
809677
803311
18479
761840
117889
486409
323481
502911
431481
804025
286376
868360
942627
375967
368827
481800
210229
190345
987970
846854
856264
442390
330659
761917
152609
824813
660596
691905
256337
931513
477942
59138
413100
549052
29501
894535
53386
487234
85021
729810
841767
984657
227143
966115
454533
929851
859563
241413
854585
517684
81183
572843
229549
951
899014
861596
185028
302448
738535
846880
547076
397381
528202
32704
534978
890991
409426
817366
26000
271705
573412
173138
708699
402077
134257
88684
517620
653956
848143
166097
132835
64512
842091
553359
298110
783601
181988
105957
998171
727700
670316
291667
150101
319663
303190
405299
875175
732490
218426
813126
367168
821284
444358
532264
987352
346256
202136
762201
876819
963762
308678
730949
169597
743413
271417
389762
844449
748180
543550
66254
660929
589631
595246
802815
590691
967125
540180
51642
933606
94571
218530
635276
105296
69881
837760
861088
924301
250223
462112
467577
22559
88000
210598
874177
771400
673586
827482
896404
703462
879568
890895
5431
746669
666156
789572
203239
609145
10905
507499
219218
997086
488037
465392
120259
602290
831468
539752
437270
504997
744118
41273
220337
35498
277703
639125
14789
319173
355896
326448
647171
332397
472891
725340
613816
185077
873379
657466
356630
199817
267758
480122
825499
501324
100289
836604
244657
293958
487256
10820
987820
947433
965769
703531
49962
402035
839598
27587
401641
924316
118746
537648
409315
435734
78257
16215
388171
544305
223325
101748
310984
135038
972728
387386
556247
664320
672010
776037
120376
706195
778291
628277
206492
686585
801859
985291
239476
676825
847187
203056
943399
464428
151440
835698
883840
873845
854486
339388
579083
626321
856946
751280
62731
974758
327103
878163
873829
712857
535540
258916
377839
681303
237303
719915
936703
826853
896043
616032
132626
603386
690137
574062
212155
395269
324004
876389
671681
916737
756478
579591
891738
190774
312110
31063
854219
273316
277282
773960
628599
776135
616269
397944
41447
66682
117190
819808
988094
94901
454245
96836
928448
261788
286160
718923
160621
98003
510238
963512
974041
429893
435900
613665
918911
574182
204676
119563
133339
855119
972228
932119
951258
855148
331405
122040
19265
760504
850824
432071
734741
460056
349880
929943
682429
847162
569815
81415
711542
492275
68803
945346
804642
179149
959999
714103
97330
846398
871692
759385
390981
905184
872408
472576
583250
411233
18046
623545
804854
22316
578862
973513
425343
924832
633281
323489
139029
816494
521037
580375
435079
262787
973124
689105
666938
211316
553218
139374
999045
655288
908337
138359
628829
384775
226933
947624
317332
651396
100809
19198
607326
540861
699021
690429
149651
670313
548702
502103
566264
502485
182665
822473
893302
680119
352474
768118
934315
19916
512879
919495
556174
439884
812380
58731
125225
547377
480636
394992
672109
309841
490752
933961
826301
861775
51624
387170
282789
54872
405377
108806
557743
424870
386724
639613
998518
575317
798427
917653
513472
12945
87516
808950
243095
27432
381241
937464
104872
294608
552031
992371
17209
294571
439717
929478
928352
494538
451278
392594
740314
899912
767331
791541
210785
821549
417797
751264
870849
361964
459401
807167
206924
454279
360688
360493
356707
996449
546989
685340
625962
895576
271824
472115
352922
370393
72177
808554
131414
403101
53441
196642
291219
305146
76374
879514
306494
551347
805305
539832
834831
241545
450340
746603
408761
606869
66245
552109
941707
852452
994051
598494
774716
135550
327351
338036
814345
69249
854731
607108
552659
942720
361378
349038
388661
312358
285663
421588
597677
145753
596561
492897
957226
145458
11277
185447
148508
313930
299291
81296
521143
367486
470780
715763
62992
932684
766178
922694
508075
540098
828600
558766
345022
4921
792571
809864
811350
359879
244047
180882
77219
993757
70082
331903
148713
123580
574624
603486
447123
644941
208684
735943
698329
603466
630196
274042
242670
727813
840881
88504
342624
276450
390919
190495
841756
893773
580050
369414
843946
671247
460246
104226
160760
164483
457293
198871
797123
745970
180621
34136
596261
907681
343978
983552
465682
537324
807059
234992
79111
229471
869353
126545
771153
351636
816578
608827
922566
203128
969602
580267
531324
279934
237929
84328
291675
780249
22195
366198
925318
28923
79398
67612
647411
721308
167990
978713
187651
779817
245423
25518
787795
615989
736654
686249
778244
104984
193855
270941
163580
98320
68183
188811
765810
618054
756462
499252
347421
698635
273972
795720
330516
633826
481507
505578
931053
12469
224053
143127
436312
131734
376714
651048
408679
76774
190140
707688
397751
307264
458676
728607
641502
530383
988155
374970
10869
579065
894364
82184
147604
136120
359950
157406
885914
902033
376054
700577
862443
305527
364410
789588
236570
70629
728169
414532
860773
719072
526326
743806
538493
228968
569309
385760
708240
401376
716560
128434
176729
111243
969081
971447
39879
122911
782529
449961
549201
655302
303667
244159
94685
141926
267123
563455
398816
50452
739492
254684
552941
243829
445011
335644
277565
368395
926712
459312
30008
140003
383575
215018
347135
84062
194813
186923
185683
388224
239901
170778
634434
523273
505923
904250
344067
76033
959940
333047
638315
583955
536093
487718
6158
349775
633440
520609
175216
371746
77145
892717
87710
138565
942477
960427
396860
877119
685540
564654
566003
298249
253491
671900
449619
803033
677205
438756
707652
355448
513853
282747
105616
249606
368014
408352
882730
142236
864871
645166
312377
374625
590422
689091
718825
185412
478337
854835
519551
130288
695713
143903
239971
412489
743946
997803
136793
258179
224132
662820
981408
757288
665590
841481
36201
561513
314643
806963
593830
793436
429344
855235
585666
488481
658333
806969
860035
701229
284890
237831
594027
250376
642414
542688
248635
12734
888891
448484
187067
569030
697222
224105
526433
215725
935781
234854
564429
868954
868612
941538
474855
408665
511403
734879
49636
893544
518225
836458
268913
494141
43954
278107
992177
829283
915497
699988
401354
168507
727704
437370
265034
227185
65932
838711
430006
418018
376817
242680
392820
345781
66658
747087
641858
867793
907204
291495
767978
184219
28667
681652
360643
870041
664800
830987
647030
456604
466011
181711
616219
608084
987690
276491
771136
341724
672981
88074
257579
382569
349865
808450
74924
378836
801601
986581
261363
178680
841979
982651
500976
944444
868287
708026
973743
844397
881379
877246
82465
775957
607527
919543
693389
415424
753212
977496
214553
620828
869752
136182
743966
49716
383745
877166
219760
882823
423218
490293
941290
548880
958152
514259
744550
478393
284979
503539
363573
225465
359104
559666
501582
103188
149046
579534
428996
857950
585715
136734
163066
119499
443910
35389
799741
122055
789290
756679
788028
167617
370360
564267
107460
267696
358684
259108
81050
879311
88306
418164
112214
849294
687214
157170
161137
804977
505677
5301
183128
599857
835496
522364
956783
859744
678786
732526
758619
827542
784664
949489
70930
479103
786569
111649
31130
73790
130133
263887
995830
758278
124995
192998
748618
883640
627682
785850
951938
140391
992779
641145
671704
538813
804372
434569
714554
807833
921686
494254
584690
921
373363
401281
96651
712798
496226
107139
96136
120254
480267
695135
124960
365047
700897
202448
268324
896966
308425
903193
665105
262944
4964
686918
406153
199182
781428
873747
432800
276957
850562
182707
680825
738026
281370
651253
32746
933275
828881
877961
75681
174038
959068
587106
1799
114471
750501
168473
278540
690855
15958
675326
140165
15034
308100
558666
668232
200321
407530
69197
312433
522445
882236
145740
659519
490574
503334
491248
986391
882975
939171
31240
875612
265037
723957
629392
445846
596978
360840
814752
645854
150236
233076
37829
346326
606826
430339
575302
83091
468956
18934
611560
341412
301201
396493
584438
897049
65913
586570
440546
559831
977206
147568
665037
821436
429060
372056
660160
381189
348377
497911
969684
2874
130676
499255
54502
883008
257638
730754
919829
638416
43482
535786
346796
856056
876463
359473
305079
633959
789150
315477
757385
490802
447635
656256
904935
358721
732704
825475
418084
370136
170837
938728
192213
676936
64437
430033
716902
213643
693452
310999
500433
528257
765960
804430
819377
602853
186159
372404
207728
262056
610182
922095
376037
155120
678233
294082
407707
239126
123682
301123
240050
834743
40602
329342
36257
288311
816221
861363
605238
16435
780651
311725
525315
343600
935699
677146
702076
720382
327100
618641
131321
531083
956573
677694
628596
714661
607624
749896
218221
863347
571407
193683
378484
760596
99248
282485
579958
859014
671936
262755
520189
653420
569047
569020
161027
759306
748951
848988
465848
692146
281922
427118
533495
123366
769038
361865
215667
984285
147712
29235
587495
626474
118880
181796
848464
947325
681835
231778
390471
756618
682289
710201
603238
799558
383992
981364
948562
662781
275992
659884
98425
190872
355308
229325
395280
964771
759024
983170
513090
333843
501276
933231
244226
797119
746262
808861
560734
774087
278086
245757
303217
319307
336917
867456
910656
870463
984965
581607
451097
706576
661881
4253
702644
225555
921376
717358
147438
153583
222360
367709
925201
35136
903850
524478
550221
133222
322939
45471
662266
832606
146614
401447
233060
884190
182204
406793
826938
798836
994738
406737
562261
725198
69073
860111
690650
266441
605753
149741
170920
723622
38327
826156
387117
444557
437582
37653
13508
539167
892193
331319
162505
763732
13201
221716
233054
957072
691657
739676
604851
693934
250803
493395
366544
696698
43492
673029
267657
63892
91295
220684
259332
254265
799026
537343
80999
606273
883190
241692
607146
196259
554283
683205
211462
325761
67025
787012
529851
945337
649774
617684
816922
423990
366490
839910
411638
255729
139254
146291
559462
869876
543774
538126
330159
22959
612466
541775
730270
420844
824641
39361
191487
517946
965746
87086
156201
601666
190999
199179
185785
689186
55448
176244
912188
885510
190252
677621
951844
173940
755488
254208
93779
832359
342943
16364
26788
213433
867627
269119
511353
106490
426933
166639
119799
946205
536200
815195
383945
289698
396207
419105
877570
438964
699865
599020
830259
474917
902016
449558
324375
622973
575530
42527
880493
898180
330900
280688
348898
225588
919198
766588
892616
871431
105471
664275
221755
260218
224195
258408
329998
465041
603776
906053
334702
68829
271778
332043
564215
480714
352838
27706
414205
954920
9570
334771
800873
618413
100821
828081
761936
51658
379902
615155
473538
613665
991755
589784
720725
107723
703075
129734
488355
891180
669532
516439
821615
656558
240142
500862
505144
564308
915818
302532
710808
82274
737950
384504
732483
986969
370066
867348
207304
823706
574038
339377
120872
266045
806617
889337
263581
843301
669804
621698
320516
509852
54955
542232
443779
911738
531041
750095
918960
580474
16548
750958
614843
472999
174904
999720
290004
535289
129608
147188
244163
728055
306549
687197
793464
404840
377589
672695
993627
630005
219862
641801
888406
201146
181913
728653
389839
439676
190315
45901
504721
202962
305270
931018
930497
121679
910778
754498
792675
22921
914778
986080
198947
83321
120540
938688
173016
489680
425000
817203
523948
424662
746383
889245
316427
262759
897432
44213
514852
90347
124630
147262
60309
564556
675123
902171
420168
733360
471317
288898
734671
245723
533858
107391
629617
9253
388247
273472
609784
115881
470568
104742
813976
295954
123712
340599
671413
51658
653822
793996
860115
983617
857683
371319
873386
909452
114341
659251
58774
288304
222629
159365
470397
41854
886350
903322
326014
140969
602413
537454
745905
526649
431779
983719
312503
588553
847022
757281
348338
50297
222823
543108
852494
524352
372482
175601
721373
84632
548209
495378
421367
108885
90235
782863
839734
387029
627803
883191
864121
887809
808687
195092
702363
635990
898288
195459
90542
737625
325078
125577
161610
73902
630918
911038
595298
122112
190202
157457
240801
690126
782796
825930
151972
940664
929887
960854
232824
96216
332258
359140
239681
600747
872710
924997
250337
688637
338540
428216
419106
801086
598011
980379
525127
25504
595783
461292
201847
589050
441427
169538
701582
587586
129361
840763
880702
543644
559979
667493
155649
657266
957039
922820
258953
527863
849167
866121
796763
646704
862615
656386
483303
845737
519464
230609
141808
517640
319119
850337
843196
418241
342918
533408
50695
120379
646588
333126
133596
88575
272634
404611
205703
153784
930319
848543
552536
517646
928511
70511
163723
234904
47365
617242
157444
540408
71006
439024
958813
829120
205543
127712
54678
466496
139052
277490
939497
154341
150367
733798
274012
997772
784473
248457
43060
389946
865676
81638
395513
812583
498295
490432
768903
913344
491455
376206
252250
497309
159783
949161
636349
460551
891053
901420
561003
841222
404661
387542
688737
119175
20478
231305
914080
944177
805481
800663
856855
245230
298098
777395
653124
874248
656433
349009
607384
662938
183698
12133
683919
932224
976017
900831
952092
513064
228126
85232
382985
9250
825848
791237
284189
468811
56828
762070
716615
226795
481225
514340
85691
317315
37967
466772
131990
708760
963614
626094
819251
681746
942053
621925
231643
91428
944880
110711
551168
625118
16735
48535
701936
377486
47979
675646
656484
610512
405608
956405
353290
545134
398131
511862
135302
445948
426981
249970
623565
246177
261742
655962
627316
380689
560901
10036
936607
820736
352291
912703
780527
599806
363562
859164
741410
209316
166293
96021
605865
246766
619038
436413
850467
899492
189885
735497
97982
759503
511981
572130
30729
392424
702904
226433
256059
926475
733301
69932
822425
269891
818570
734796
204548
744061
780155
345168
990021
799660
517591
868875
145951
136626
911791
698009
983274
468976
314718
520116
19674
157014
767320
650148
455317
670030
542618
154038
895262
933179
491426
948771
166216
881324
400150
74266
892784
256920
422040
558028
880943
35519
455338
489847
697450
402777
370183
378819
27725
298631
637166
951032
524424
806779
24348
358587
477818
222454
600058
991101
610518
709580
100169
734298
687459
192998
316354
191954
930662
361039
307812
612513
240869
572477
36603
210264
887506
661272
633752
796845
777672
112389
400316
664964
94055
404088
234580
29346
374494
432480
495615
730585
486735
572644
713560
637828
105701
38600
376255
601901
119842
201196
431557
398478
741700
578094
565646
934981
300502
838494
349111
477824
322191
93006
537558
515526
543273
113142
249871
177235
403888
388066
702531
186662
81757
950029
967923
835010
508576
855467
895447
701836
623055
419293
110745
636131
333873
987689
303736
179472
231241
546307
174966
282302
521452
375473
776805
22141
807103
489856
905716
200640
519273
317222
134365
812479
392781
50240
453682
75197
961367
651806
375134
564926
182351
841575
461467
322452
524596
139838
309801
399989
283109
188072
847444
987469
75991
838970
552837
520812
52029
797120
152260
585724
104945
577230
22591
216462
665642
43294
746824
882386
999156
777119
575288
949326
489502
190018
232137
439834
83884
483403
87667
757745
908703
606461
175509
289189
320935
745010
796474
310800
517673
46809
954689
40516
877011
989585
918990
24284
631780
610722
142435
580636
80892
868397
887901
636283
957425
388862
274715
898971
749301
966676
145853
802287
456661
6669
172820
153899
94922
477859
226535
602325
673443
770900
137364
693305
564872
990257
212162
653636
832128
960673
821462
725358
939949
675801
458519
333089
151538
773612
477555
566409
970919
75036
808801
552791
961197
117085
473262
892394
735037
742814
761069
282676
942906
668435
454691
280363
967375
537372
692441
300553
742978
644885
905331
129063
901931
449851
711951
929471
497814
71205
392930
809426
264353
523499
196532
915187
962198
63648
955599
575849
672213
103307
898688
62476
186171
423537
387847
539989
8656
303895
704805
551049
5629
199312
347113
30636
954480
364732
373436
998387
531106
79994
527611
694607
131139
906832
522571
65861
43201
148317
657236
2341
986946
742582
787914
267244
581981
800650
606785
715405
70289
610744
942121
12366
855266
624881
712746
987990
778331
393617
851671
935522
349020
156991
661612
573682
24893
380592
840817
329866
750557
448568
559228
928994
424939
188723
527046
302503
226748
764813
800544
447983
491702
359838
486215
105974
81297
797668
659016
9598
581538
814307
383471
438775
5927
672771
464202
801726
282235
409161
589540
582299
981831
263757
348968
245190
769969
899138
598758
319983
473435
180106
641702
78634
617556
621019
699983
7118
688433
474545
534704
888039
458942
181849
729358
829309
489307
65984
10759
105652
811125
300255
748729
777876
311415
456523
692464
100556
671745
330696
836686
836940
505136
99198
641670
21812
72281
892487
261989
21522
344467
424952
452558
488580
720993
39803
358129
697723
809966
792176
659835
633
724462
652534
190754
144988
21671
808404
325252
243531
324012
264495
368969
930825
581306
723407
401222
839868
305891
30971
628035
428976
516737
646644
979364
485819
901897
772153
384448
315648
265474
940696
236406
701325
569126
849234
745999
970008
171139
188434
209200
331852
869428
623408
362185
729920
392402
215024
395968
497098
117276
821863
505677
342909
863580
500403
77529
247705
232654
59777
148346
557184
818697
273055
244399
663753
92381
530845
93309
409
36119
197284
8930
881547
469427
302417
980362
779258
611710
787575
519668
467768
636242
662946
914563
826190
732360
400976
753934
615752
405292
789777
809931
651259
846449
347066
3769
188798
36926
659480
612482
353342
417676
425526
327861
894081
323692
772336
765494
973776
977764
961961
110314
275599
346955
141422
119040
355146
572335
189793
436168
62811
372968
931047
997
863005
946212
519571
165110
457949
588373
488501
389851
55380
525397
872020
478009
101786
325799
653499
404424
469146
734631
369970
865492
87543
833044
667198
763208
798056
322015
486917
304561
768083
831530
670258
598961
976916
676395
986444
722199
476132
424691
774481
125605
33780
976400
867222
833335
916508
666108
528515
177253
500707
196452
74789
725222
35467
253120
472843
164615
995331
509189
914424
382011
807966
939
156655
582940
472908
596569
289748
83948
776429
388881
572472
663942
564430
101708
424913
456996
297735
946875
920483
442191
11056
418521
705059
33316
16693
944506
299786
159537
857934
134778
636496
266250
618091
724844
384766
69549
770629
779383
594764
225689
675351
621709
273757
79078
767209
27096
666191
813203
219812
349019
957600
370745
788887
675447
453450
483196
357947
447668
818352
555811
201955
464046
999132
595100
331414
412929
81345
855284
112620
241785
574610
845386
128608
223841
763253
497173
533124
727414
690132
383425
388343
296992
589633
616087
336808
374691
460832
912441
38190
170942
863601
705602
348615
678069
606265
692104
706000
673291
248289
690874
320375
353171
811826
157032
501206
230372
958347
301623
403376
739562
561601
995844
938866
62256
141621
427163
540684
224612
91652
302336
45926
469440
219756
627943
579429
600270
815097
663817
396333
600513
250510
205082
404297
602955
659601
512305
21973
828685
669207
876421
159010
510097
75840
733176
818810
276025
503060
610276
475792
465058
125750
135085
149079
78275
755660
38207
940333
501917
446310
511026
502749
871176
727820
557555
225308
498883
926070
706219
495531
44770
249404
414970
997534
652120
571538
999958
378649
821379
597041
765997
968926
731274
397859
811751
815939
367164
143397
55564
869403
757000
265596
678286
380506
994069
196906
559465
443241
698434
636933
268080
934061
283293
785140
456476
171956
382163
836744
525577
311387
410480
227609
402366
362351
997606
621804
194591
960314
600224
992881
309666
621443
325180
905593
36377
600276
640726
252276
231075
37360
654032
908295
667840
626655
868772
779058
658068
882864
129929
132005
811115
298738
436026
139395
105338
484070
431910
277415
227295
683436
231823
837225
638871
637565
979172
793932
882628
27630
69826
472446
516387
874767
290464
579557
717641
222344
462345
448785
795439
739722
591332
713361
906841
541025
740952
929050
865645
961049
345687
829905
609146
223683
303593
991429
429124
137307
274057
135914
821076
353112
312702
903868
520997
52601
991336
120981
681181
669672
543975
81760
902283
477618
355965
48729
794223
876558
657516
69842
585056
562928
463147
644138
522757
693524
174377
873076
831051
44848
415035
143559
176180
671503
644483
717484
991625
792699
635889
127874
478918
128719
635458
457065
60280
948928
140084
499255
543318
627959
285052
779214
14424
819934
766652
419216
446571
656670
362294
880696
47147
156627
936695
440150
310476
480684
47239
205017
192546
4853
893585
138369
417519
185284
48771
332361
994496
64446
528331
520784
39199
912025
166073
287733
307608
941131
510947
245645
939527
965056
190045
376267
529250
266924
259618
232788
235857
153463
4093
136119
887347
269133
321214
162585
325993
35576
65199
639160
393503
11730
980395
57970
500385
597060
268348
407926
520870
358670
554711
832893
700882
969189
809743
999340
266437
137411
765974
917511
669915
839847
544024
686568
720939
484173
529517
45582
540061
659125
432055
247833
796478
431022
698664
761025
335237
794251
697094
182797
848317
24198
826871
388213
50505
169762
713590
295705
628375
747395
669850
53169
651748
256200
557841
240030
970163
239888
59689
899752
251788
63383
172814
715926
489712
916168
168786
29065
259703
75882
242908
711588
553660
373633
414700
762210
579822
961420
16898
277545
999068
762170
950917
442777
824971
945687
285424
922797
361447
724345
616980
78877
381267
674945
483692
793128
241445
693853
773791
685633
827088
21568
372504
419398
644244
706443
198356
629549
82968
970525
751360
656126
788260
617901
783859
363177
935917
226548
271820
562166
388094
848152
124176
506060
197427
565407
980752
97396
549644
628282
766150
547737
58601
847543
927146
830782
56300
361313
777427
93437
356611
875469
448831
975635
351167
275004
999320
615969
47186
854074
581683
564492
646880
549826
95201
183081
872537
859618
303877
744956
762932
915033
975256
221624
451869
958949
580042
562200
171154
461842
363548
106966
202933
767795
253043
80113
628002
50931
991322
761314
13563
220589
354804
271797
69066
295615
913653
452132
860031
155688
407561
779042
864359
702505
533281
97420
947072
870272
81353
453025
237493
428336
494023
326963
48073
100918
870464
523846
845774
95338
695759
448472
684955
921289
126030
537021
772498
392836
991676
166070
187078
108455
634252
184932
749044
29871
461658
727953
539143
957043
156742
618152
869267
192699
362899
255615
818387
105980
865011
182558
619639
987997
184252
426454
337768
402015
458087
590396
523047
147251
700194
33351
255109
291487
587310
784801
274757
559213
337997
380563
378195
409775
470872
801549
71739
538117
778982
276109
122982
362780
496353
266435
443943
760093
516851
414969
897817
831846
770037
950459
844464
554981
430981
10339
635816
302196
516672
763336
776130
831925
911010
849109
260400
903890
32125
444425
607941
833239
8662
503169
370350
769113
54045
241236
431310
28935
751353
447133
622046
159111
390805
478459
43265
299495
789275
649309
691750
362920
531248
780365
412031
78402
626074
167716
22699
16771
841402
542513
174770
18509
460249
865780
555304
296146
388639
887843
369926
677324
433007
787742
54350
102882
876284
575618
260294
877042
585880
80134
747493
180853
657796
943698
955725
167812
909573
688162
119322
168359
906989
77220
630591
204
202659
538178
652886
990281
258243
944490
364214
88028
569178
795364
640810
554247
110860
782100
899648
567018
914903
319402
80124
427288
468351
466162
54750
701877
27093
712044
640382
279411
288682
107435
946800
490841
124831
360910
143720
527351
413731
949784
267736
776543
599140
950182
622636
571654
417738
65624
505832
768827
138020
571978
265275
21765
829657
877543
371207
716263
951314
450188
530962
577989
839037
405134
563804
97945
401305
627898
137272
707457
812330
497433
784623
427785
513047
786395
717939
901855
207883
869819
102732
975212
608114
980285
313126
181808
79726
483470
304808
782808
965208
113749
520804
772705
972933
817154
202430
163259
481763
321318
306667
426520
458117
355204
923329
193369
921763
342780
233824
758783
819811
246130
976073
806645
412422
591850
149080
621672
879915
29666
794473
220939
97741
620133
870665
973810
154109
962174
982474
329574
654972
992334
163752
432254
800238
671634
447487
325892
761674
580109
600893
482118
27488
162156
33716
367725
19063
667418
298269
618664
678225
97676
923007
779104
196865
193064
384756
76815
382498
678915
622862
882756
732629
881694
959608
786723
60169
500466
432146
835844
404769
653272
170493
442527
919078
111704
322474
261066
998203
307546
737279
964673
86287
19392
336314
564214
520958
893777
564067
182260
88999
179929
206432
860515
532558
255746
102412
16457
656635
91346
669824
733302
824407
619784
344823
62802
320785
600261
303513
670657
727284
21718
185147
700804
486271
114518
220562
33060
531417
336373
893599
730465
443289
885354
878749
999323
144443
396452
883354
444961
883414
376662
345119
62140
314825
586055
964880
456811
589789
704928
91054
549528
940549
226697
31024
782556
676351
512879
570317
153841
361840
845172
407633
454726
290008
445907
19748
157932
825126
340927
132063
834707
114475
33083
658060
915940
810392
623870
58249
622670
187460
667948
939820
823134
397660
225244
548452
69590
911509
652467
687995
186462
516601
403823
977161
810772
969242
256962
988729
446187
613079
892076
49477
898461
846765
8161
22678
881880
981569
676961
821580
131831
53227
543028
391302
283342
18200
176206
752391
59533
646233
746994
358053
779865
745349
111608
76817
428812
926109
615566
939596
682190
886808
921694
879273
132375
76943
166956
509652
373415
582080
485284
402875
565152
177092
937518
174009
152674
40386
911302
418550
863437
276741
963046
227534
153504
543984
711419
40179
330321
620062
328721
170833
130016
985298
241699
990057
675851
154107
646308
320382
431710
481123
681490
277205
711356
38595
744147
457855
81740
817552
441494
532329
901848
310550
2237
483495
211857
201442
716851
438849
351084
180755
264719
7379
575170
427363
683984
698362
679997
927348
449721
25424
639357
792119
329366
234446
635191
975238
993364
26796
786496
611190
981857
527535
310994
686109
665502
304470
261696
147755
818330
303628
918063
717649
800633
333074
536887
578471
922469
493622
62072
826848
646641
499521
42518
711391
670980
989587
345311
434645
188746
793676
860027
220588
377822
163355
824001
94769
181948
21006
53388
928868
253835
428326
529488
968521
230840
569818
504218
648440
799968
887900
771497
816230
588517
470066
532847
455014
366788
859349
720235
912163
515613
650860
554219
277754
355979
546998
42498
185666
612391
275560
709238
102574
191670
749798
554488
719837
109128
805429
340653
238464
811050
990836
65494
209196
835273
91074
912737
16679
81875
47261
325439
763157
772876
619921
9466
709593
682025
29627
830437
2442
151120
743688
745810
454936
636302
317817
210757
901515
779019
568722
848819
898908
593435
658755
474174
892446
395923
617016
107366
388215
836277
858437
879592
823690
658774
255877
666057
804925
442363
755846
51658
442112
341815
612254
275928
259138
148073
463966
945060
72052
344506
104412
212922
638074
655741
381226
892841
166170
771841
619049
469406
266068
254446
490419
828171
500953
809772
565747
321698
638645
382994
813059
484351
515687
971717
700402
622009
610399
257158
650195
566088
379879
987553
15998
646590
444529
911510
685676
503241
87483
117345
577884
314115
18500
997171
547811
772535
235652
46926
578518
59876
206595
485176
526832
174508
770976
82400
667468
611754
70815
954735
542095
600023
27990
988346
355478
900831
821937
58821
307408
698724
466872
898813
705908
452531
876421
626755
599335
591255
684503
312221
243898
695286
380043
534350
945201
444395
630799
326060
341661
348752
751995
186563
18679
58133
517601
567608
210534
194832
111491
82100
445653
992458
411076
95452
818964
831967
999154
258573
891973
788378
727905
767898
500333
50232
862861
689752
625120
374824
671169
54289
476468
398044
47407
910920
234547
195697
729590
51050
211274
290304
32858
143724
621385
103439
540778
544889
581507
998616
228141
339950
905901
944278
403533
419608
254096
658978
69568
824641
112596
497577
994329
960161
436659
201266
52781
258625
288876
600166
71315
49143
535023
904577
690359
338641
245050
604877
852046
868503
140211
968426
13670
425478
77902
480334
725481
562510
100890
603813
520436
503012
453665
961285
658240
615606
983176
51606
473020
479833
837961
454571
239416
539441
547695
572739
484690
973442
69936
223306
424170
354304
386477
113995
962934
254733
602539
662373
831044
619005
429222
944443
277097
6197
927070
402004
725397
3859
128679
142195
228784
98782
280417
317096
499735
74959
207892
94225
68884
992560
142551
933175
223664
833517
826606
202725
677214
313323
833546
853907
499264
95871
412942
901724
685755
972359
435314
951853
504515
557946
735933
602667
780664
744108
808095
905157
566998
67156
219128
353263
24064
564305
119009
996198
687418
829031
26793
652412
5134
710172
182365
751483
938941
214241
345018
633658
673601
35481
85454
161412
6705
519548
552004
685381
180997
963848
262382
151877
804820
79397
305711
326447
955939
494902
33515
786827
665085
483402
978572
757202
495417
767090
54049
209668
78614
915666
498404
841440
853153
111784
279525
4224
892806
540973
673458
234365
179881
860721
787581
787438
500178
899266
377418
868676
74427
636025
839943
864210
620258
502275
693015
906390
237440
106360
205819
95441
770320
380962
285469
322913
593010
373997
744268
911903
25650
425859
68635
72169
919426
753050
997767
608415
79352
104079
76268
471660
116796
998194
220289
184844
245481
829543
901493
399291
578279
639368
157347
459215
914618
609788
832454
832653
287467
104445
603426
29389
418770
322145
589394
448565
892076
506915
898426
606602
361285
371253
901854
284462
677356
269423
415916
314099
138067
748530
438551
110708
218524
319654
914976
293075
728127
776444
270312
82994
883700
6928
655975
867387
196537
310761
274190
168230
724779
584913
638011
836569
177263
871831
289994
316421
440918
95818
454711
500944
888115
591108
898473
97748
842711
210194
451833
116901
488375
534866
185750
515227
7142
942582
397662
873465
912045
836067
207959
359039
902124
860442
41668
447129
67119
589726
881257
102855
513831
660686
972972
599562
29927
717526
494966
315718
223986
96320
297777
569820
649883
390422
521026
555153
235874
452613
298689
396595
161499
329794
68260
534835
343451
554568
613712
763888
915965
205446
557687
304873
467236
637703
661001
749645
748314
925615
681283
861077
239209
529435
96618
415490
365483
440736
1624
105670
22455
417027
853255
127255
411680
255791
447651
63591
74184
364473
125678
636129
156658
72486
882215
402415
246263
504412
581469
403895
236522
610722
145262
278184
731936
882994
208514
77356
495956
100918
671007
586513
861612
170653
424940
333230
821261
439053
174983
725161
972331
929639
696338
215251
911536
79300
183528
22425
303171
936547
312967
415830
607933
75873
933281
488951
266672
967347
458520
984005
23812
622325
829190
936215
726292
806073
692697
111271
256697
84237
503071
146553
712106
917261
533810
972624
866057
219719
657848
165537
969802
229200
770479
597611
798777
846216
198939
743108
532329
548605
15699
236191
837932
663322
869638
610754
701167
901155
534084
153851
731513
255926
273303
940274
702524
551233
982543
770733
239008
46531
41468
229387
98402
560845
999829
776427
809889
141514
667241
959748
987066
413798
747308
776531
298477
270030
96896
880786
548468
419159
648780
912293
74037
959278
280531
70776
21164
739169
875999
851022
129057
876206
60840
998315
896477
339732
106186
289619
367079
434360
926667
136753
799302
359143
626974
931184
855388
189737
822951
707785
163166
159964
840894
793618
479643
704939
468703
639616
87968
103183
848346
179822
976427
585509
5522
3790
916086
670150
970755
408070
25872
779894
335025
797874
269731
718028
583555
584394
336045
431159
195266
356461
700796
315247
757617
715614
316394
745710
222243
303465
834897
473396
853736
365261
979006
257617
576948
751703
99600
805841
77706
810682
389454
364391
528713
394265
552963
385289
336200
745624
125758
180407
938117
466772
871506
721775
22960
871952
813371
73845
855650
952170
239719
418421
271988
988922
730938
753405
526212
667806
189452
159941
220897
500622
317281
651357
909154
177689
728663
337194
58028
224056
687779
960356
38680
738035
480854
549983
9879
138174
802750
667999
128437
801471
33264
862524
303349
448374
250871
22457
268295
898306
211819
470162
830281
214453
460005
36691
674061
509431
963440
767416
654764
988210
11635
2986
681497
13638
746611
815669
360444
31223
149591
771382
989460
855066
80763
436801
780044
552592
267565
575999
534776
189390
52813
279368
553799
458979
802854
512590
264939
652300
754178
603439
730322
844899
399184
220780
544663
306049
332653
773154
546734
691310
637917
73537
631468
49996
316773
452500
951520
855330
11400
438345
760935
14088
539572
573038
995155
473713
806768
956986
338814
43997
44804
721318
634489
279907
221849
351627
271836
453237
121884
397239
490368
234297
340967
381833
414437
643214
515750
779164
887802
886703
726826
623856
223503
191067
491674
534500
294066
118020
292616
703421
780907
427185
661817
88362
265273
35413
886721
747161
725986
440588
987390
374041
354491
177727
931354
662026
822603
542739
613272
821975
583024
313933
893360
875928
655149
393013
398560
74212
396122
129462
813996
713294
269097
843473
981398
225340
923995
419181
484167
753192
475869
232067
769457
220862
270255
247211
658999
7507
357671
458735
429587
941481
967099
797407
851652
787293
313831
88415
521294
599366
922480
805678
650343
59830
281397
811868
284116
894102
871734
28080
584541
904161
703194
967022
834190
126089
810063
462991
157017
384249
174488
504976
935810
600883
489087
808232
713553
934291
891643
554708
635261
193581
655879
980049
510777
852540
692051
95168
690660
632257
19686
264016
719778
595507
167991
217619
182242
338143
443428
205276
126499
442169
754992
302227
667692
586262
160748
218681
944050
112288
846728
164926
835301
4124
945658
745276
965777
828796
18235
202528
643881
158290
431415
93208
697534
899879
236963
623918
119011
482163
63224
936082
312871
938643
248695
133242
213382
721180
199200
880476
721119
724813
549409
304095
49094
833712
239390
385211
658954
284843
815764
618845
480971
122183
493062
544528
438152
764469
438575
391434
25363
160767
996981
456740
811461
706140
501187
879274
324778
816178
599020
437779
252759
735754
110453
189091
64669
671896
356189
16842
640632
77589
974436
387363
170102
62989
697778
985058
391475
717439
218932
371339
654956
186770
972022
813559
611075
498418
616977
384832
20577
466936
153338
179840
254395
618925
872102
98250
839813
494659
827597
595874
439862
134846
925443
102427
665859
688684
419858
233874
484799
47941
602699
835396
592072
66338
778388
49637
480099
415696
349405
480028
164450
167234
664588
126949
664108
428834
686701
168307
833131
905708
428858
767644
819193
38821
527319
352231
473349
14333
607190
504177
507419
194624
887432
562332
868730
497710
121377
800366
918397
289898
703502
36698
812315
162991
380437
898282
718532
224211
840317
43697
229288
518477
136558
381681
906952
906101
794673
120765
370605
873366
965553
858551
942024
239318
916211
843432
577402
902264
700833
269926
934615
647126
527214
973013
960326
158657
149364
926366
807664
404909
509281
748841
593125
928336
404542
519795
230103
616239
193503
183154
202028
587053
122406
945363
507521
528405
886144
578287
970711
610969
856822
72507
373311
182831
79084
161410
709032
408358
639931
672336
587524
348182
930904
846570
500540
122044
147166
322210
483163
23353
835164
628175
959170
381368
665829
50748
683699
793820
520694
189575
572320
10019
426595
102326
636425
689021
474347
326314
586790
362688
178585
662765
977143
508498
971278
696796
373865
275067
461070
850848
24457
871541
166948
188708
193673
408977
296737
985042
579572
960433
487724
262401
118715
250578
766244
428766
256685
501380
968562
591246
580681
933134
595618
736740
993448
671778
845238
337162
687543
224203
302033
297089
584568
131750
501373
342110
24003
297565
291354
976307
477805
983131
526424
579353
938193
517746
182021
221320
35439
390269
285767
346853
59280
373213
309327
522848
704531
49009
884319
851016
118644
197651
592244
901686
775235
392142
134423
608812
171498
937762
897203
315376
123567
821845
20331
822018
317266
170754
52882
932807
357495
947380
116526
982142
39148
399703
204512
38953
230411
352813
249076
498482
797993
105706
55927
627677
988608
729652
334225
91962
576429
876205
455234
216312
927619
615487
300030
506963
769331
539269
379285
636822
880904
525659
166709
5046
872048
687736
514779
423574
751394
2801
923936
732707
384356
570248
794543
509250
762666
430934
522365
303034
526045
846927
95949
768051
153083
761209
845529
859993
757552
576073
634043
992055
424385
697666
245876
632335
645042
638937
313766
621481
413884
410643
282252
659306
917833
97817
598841
555358
114904
824740
525619
66522
529609
429989
216914
108416
29455
429247
453306
357470
702224
55917
732621
116730
296811
387043
36178
733094
970521
653557
314080
399397
512248
839245
546300
742030
735904
112211
697515
162631
953587
894343
553504
315007
82030
874635
585367
867639
688768
545395
971464
208497
695427
748091
505744
197615
382652
7282
25772
759601
360034
114199
673675
633887
353899
288497
995093
406764
844050
232319
746157
227873
598316
666206
912538
840939
1522
156706
269450
475749
338361
806356
791975
946020
445618
417690
925775
329668
774229
435117
627120
796337
844345
52880
586642
614672
457700
869773
995223
903025
864609
407943
717945
469243
380541
343465
644682
798697
212394
244745
90486
162068
575705
807101
757764
243294
3341
8274
693302
481458
961819
988979
681448
284903
239744
402861
462006
762993
117619
582130
550342
924527
651414
780747
634665
202417
531451
631051
224314
399576
605955
335729
796922
509744
115034
205095
555553
735947
498507
835122
811825
307525
843038
487328
135854
45005
207029
356338
866300
505181
320530
975935
649723
61026
635807
316045
20384
973141
950224
326797
657195
448725
452526
212417
990180
181583
51668
990647
718541
851018
550823
930054
316675
500989
86685
307967
846963
983627
187846
426039
320616
666439
28657
636891
682317
7690
71156
971460
944285
665287
137812
303997
739375
620219
327561
590957
471996
23741
526816
386742
710460
575338
564433
651662
339991
644658
289133
340971
972128
898114
605973
968538
769267
357008
848681
194870
703231
891902
254152
153540
182426
241565
296419
996245
997840
210023
525415
688433
218988
307607
967856
755833
366030
913356
352438
603219
782942
812784
833698
703343
416711
307225
242823
578395
660840
529742
181674
474138
917945
678798
963175
485463
259894
742562
734151
809102
277222
403976
191083
45224
924082
616827
106580
530409
904767
195206
33756
401400
192409
403467
746754
426408
176807
341215
59332
279293
458874
308956
297187
730761
938969
517130
377154
983884
442858
847582
125007
579738
527430
898732
190284
904450
674498
980194
67601
511336
85001
94771
171842
995189
800786
876525
424912
229214
677334
233193
527079
595813
598181
849559
848665
99895
437046
871059
503402
903125
995160
502281
551026
955062
648165
490416
695512
852892
257769
644463
829112
727434
806087
109308
332967
792726
314724
668463
3429
530561
564664
177785
789899
30795
491455
239651
166700
798551
996447
195884
469884
920887
505789
875303
881025
114285
128558
809174
405983
915587
861874
374782
276490
861414
578821
455512
783109
322306
726917
301340
500132
212924
304062
636740
308348
571954
703963
346009
738569
126614
436042
862560
40783
952442
267065
211428
503569
466427
825666
168864
523483
59162
101528
783525
887907
983019
711890
156748
482664
853072
19347
154183
143966
697583
772523
254884
63237
957214
428255
925941
892161
752896
918075
323260
503653
626550
887833
108758
117933
152353
541608
190931
720947
818355
304951
516580
428466
335055
268780
241049
314330
918123
621368
222009
60508
565033
206329
791048
958246
178042
902046
506573
743089
78568
281216
93932
512459
454035
310335
949656
948209
780541
748416
388535
139328
198227
512133
987476
816066
381956
60044
276880
403246
188316
847163
466775
20591
83683
581234
606731
348688
861239
616273
122041
833232
549033
888702
660595
488857
630191
434895
992149
108902
720183
274152
575609
716818
161322
32285
767093
134067
523801
493842
693636
905242
561140
429505
102999
502755
411369
798511
243474
764603
656539
397594
762615
147869
722260
26108
802963
708541
296751
55215
991921
605604
606679
133397
134673
765507
343998
567319
720416
473010
27875
388813
532775
923686
406946
880619
76231
356915
190992
701035
930758
459762
690918
82675
659406
477148
7278
269517
60972
138526
782424
12442
925616
110823
77199
893639
421128
169468
229971
25653
537643
10183
673192
302743
691071
70654
970551
373477
26425
807594
20525
108429
287884
301884
250544
878489
314298
747489
291341
638004
944866
41344
483797
870971
425767
675974
59035
623733
147276
150020
143402
193444
544341
67544
412940
478771
128884
358495
452997
825974
390453
604990
218105
877913
78347
962966
121043
245254
745965
242941
434386
389489
879493
526514
640041
198825
25476
426717
815524
624438
958762
54750
252351
704949
972330
499725
764591
4693
789655
727415
565169
619304
70492
632534
971931
853905
562951
561931
378655
964997
904742
13942
716475
635013
681693
157284
426882
326101
811107
10405
122500
72757
488791
348524
669801
498357
327013
753174
822541
659859
618711
577063
353602
382719
492000
425858
559870
175968
832688
491307
710996
434864
676575
71585
394577
156734
895812
371996
27736
126925
947520
232324
53117
89482
362735
798244
430689
65453
110694
380004
901800
961029
291803
877343
730793
464556
27434
274563
296718
970242
347146
278725
280823
385941
12757
274414
444696
894895
377611
582352
552621
419919
121666
908921
293685
289636
446689
942391
142842
568942
849991
356008
797570
89
501474
18497
678674
523720
228354
147348
954969
448969
939744
924665
913047
149752
652034
666067
98678
169691
729475
970956
217960
263036
93513
799492
149506
917391
658317
228533
958211
861322
442977
869621
752397
433240
564405
448051
632439
722105
360198
938453
25641
350239
83258
125895
274703
886950
526473
314638
364818
502063
318550
91703
864334
114153
381267
61452
773227
747654
544517
540414
98638
335627
834699
554435
610363
404430
277560
469751
79257
564047
380327
709171
237981
831773
281741
885721
31533
421118
389303
595977
674398
922773
966635
142595
462831
3953
110240
210968
541524
394017
416571
100714
891255
26880
715406
389943
21967
162377
864000
513953
573465
387170
115090
921723
797680
162030
537560
254205
482278
746100
183305
987311
35585
685384
508438
351645
274526
90253
538487
695781
445891
870524
278245
461616
762553
968933
438779
644555
485852
621059
574237
135945
75178
299654
204659
217046
816171
674932
409258
508703
748192
655035
134412
387331
757105
617550
263892
183977
268174
942556
624886
831193
325941
532070
53824
917873
289933
264454
823717
13896
554367
415697
385381
544618
45318
948157
742383
824501
573410
717322
591539
159126
141065
48714
555988
362223
200576
404013
880139
858255
760772
103779
418689
197287
181664
226453
211728
101130
341671
273505
730619
778790
802527
280200
437681
637815
110453
180715
805558
814951
12467
667923
942880
370137
891292
327264
715895
463228
64945
332434
512980
506890
488941
841684
928162
354849
211951
837398
379877
990926
797383
838370
613824
189325
121065
13413
545033
419878
922611
563272
127596
604088
244813
560904
812007
274210
278442
351682
106827
401457
332261
347475
207381
630638
53680
675241
694465
675517
828784
288196
805935
753331
505474
224468
473933
160977
120910
657133
37073
358484
835459
704729
489779
434675
716340
580700
903744
364110
655609
408752
994609
130598
518690
302165
730222
610073
66724
188940
662637
389227
774203
293398
344192
929614
842346
634615
825001
745441
422934
257182
393230
746005
572108
984483
534131
976240
450185
121987
918701
312128
647049
497086
545516
453383
456420
122221
885910
220694
172489
599504
51873
39161
527732
729198
1604
835818
640164
927432
371674
947603
898124
171577
671546
213721
860575
742855
716142
62803
315957
665222
854302
772862
768927
617920
153894
921301
573143
761839
493500
267493
86138
680885
930287
505188
80412
750447
806437
620819
55068
420049
607210
249729
636926
881585
92810
879216
261120
57873
482579
372855
948930
261593
304583
942600
316364
909892
828787
616709
635719
569279
732027
836618
535977
576329
253085
462715
812452
701900
57221
393565
540489
49364
925190
372551
674458
423105
58372
391985
268416
552864
878692
987132
13165
474014
272052
98046
574061
122057
275650
935827
992518
863145
10356
772756
262215
717927
385936
918121
348253
475501
618533
197118
121891
143129
639407
645576
960079
501511
84147
305268
745408
709244
449360
306120
576919
142567
357615
894946
609137
744893
410126
603782
306849
516432
806874
281702
337724
325237
879923
47069
539618
592500
277130
652974
568685
370592
928379
731527
11264
787879
886860
675272
271392
313744
218324
241175
927128
867637
899707
173570
820165
374636
861413
233125
644312
516034
365334
280393
453889
438486
354371
180319
666996
151017
533502
809058
803551
373583
337022
283488
638266
207924
142620
356619
789191
529509
297454
471157
82337
681429
444021
43953
933543
735904
206543
35730
170982
402634
556455
550839
858396
225120
370093
172391
227827
322007
440469
377729
535488
658071
6030
570005
37487
565319
778033
701753
478630
222807
739928
651726
539284
513249
441387
806851
366000
258373
849158
367916
373147
330424
157446
582160
249951
215625
974654
135805
554677
376941
150491
548066
724191
767186
595611
310096
38778
625359
844317
719149
954315
774784
664560
866778
850088
755211
890828
166862
534905
526476
385577
286167
188006
996567
636244
783327
470073
19118
888730
926703
652274
515532
314435
853149
192596
20281
459211
484283
450778
664415
193793
273231
30319
532705
326545
309113
838383
825951
226523
637465
581638
399445
19534
633449
917995
774025
360559
302590
34959
893442
886105
61052
759054
974756
18292
544780
446931
261542
405019
514545
250001
327149
732303
842341
636595
16301
647893
980246
101494
326861
240103
87203
874802
905395
311001
406706
664292
188588
876992
592801
771553
195723
627093
715802
881843
561498
737501
322597
957145
234880
354229
321117
43503
370942
338353
228108
306754
256244
403902
830220
706889
642051
654665
981616
543666
30429
336806
861235
843769
203530
76025
150908
685024
465863
119251
306037
834927
3585
583590
409236
474931
41983
737873
691639
204861
544017
268878
715311
729078
852149
667510
127346
243375
765543
687598
501268
121841
75985
694098
770708
489199
899792
781755
834421
440230
876321
608227
289026
264753
15844
503292
77141
30997
680377
548749
953711
314278
427298
507355
649502
800695
847637
529387
730222
925173
979119
183466
616680
782279
824596
951027
372497
303527
270201
964559
801365
173112
677138
847189
580860
149784
855552
42102
666801
224060
986975
873285
380263
937714
850124
1704
322644
161601
821878
878840
346141
708788
318013
542820
620397
807277
109010
103393
724520
56353
611253
695832
148481
366435
230559
483290
573242
728249
591948
6485
923684
408700
88706
166322
892440
240807
520743
569551
881100
131168
230322
360358
777770
596097
983017
341131
478919
225970
246836
121622
484928
873351
124880
466038
394918
500190
822131
927963
153577
181756
294332
6646
243372
398517
916391
848750
459098
485048
520577
684057
231704
245195
797274
723983
271529
493571
913816
510581
813754
851676
486682
211710
721674
65341
704327
800253
60463
691302
91989
22513
456497
64918
217079
493885
300229
97447
331722
685898
418489
911266
865434
660651
883250
523082
303555
982250
692107
631604
483183
473792
541010
76508
244789
964442
955062
926790
151290
858906
473215
616986
359527
244289
493104
836034
485689
58688
359245
877982
257259
421259
797772
315974
307698
597415
292210
888920
344013
668654
800501
232304
946026
97955
273447
369065
659652
181483
11003
925815
165750
620446
497945
115225
315570
308013
932174
499793
750820
791773
209504
19443
795087
103917
566230
112581
425697
857658
788368
646809
110823
387365
602723
67375
877730
568617
955632
135937
658407
645225
267367
887968
136989
499993
972447
659033
202816
895186
223722
702184
234391
385390
445004
9338
435428
515852
612283
545020
363236
702381
959019
350462
414287
697318
365292
560137
130392
894833
888078
307993
702886
909682
546113
151755
137143
190800
791495
364666
344609
891083
202195
393921
460854
865887
321735
506377
670284
953036
539259
252082
284404
165400
423214
461569
798296
618627
953801
246722
835324
994165
495300
766303
700180
929815
617887
520598
939586
364853
880324
367676
85109
674757
137105
71095
291008
785954
62787
374387
147619
509602
991818
487497
558673
849480
154017
807507
464321
482352
295332
537244
313647
66810
68566
601177
651626
826971
87816
274000
111721
162386
669165
450595
848498
406215
536117
707248
962772
514829
707925
505083
242948
543962
25144
716034
842728
333818
773213
751292
107596
961184
895687
50401
453295
389888
538363
904647
70990
357342
425449
828177
785825
220923
178201
56998
670316
755662
261092
955716
310165
173183
408188
109013
915057
385081
602833
953446
663025
722638
958145
333734
77223
464440
7893
755585
36201
235759
972612
388445
235818
487386
549372
221797
231030
245275
212090
323867
120055
103855
893522
416447
794434
899543
556918
431126
659301
112501
250877
569802
504189
258438
897936
300027
585416
716033
118144
444291
490338
827381
732400
916688
60293
46514
394917
376427
142403
459771
102040
542410
818895
273236
729733
850383
941827
308508
498377
532214
538994
811108
748177
170509
505136
463325
478848
486676
675682
274850
237461
464246
728696
787528
274039
290638
781726
601261
505711
164734
74151
27860
537922
753498
308932
205226
503064
686880
721208
177802
100154
988064
222978
30309
453351
650063
268823
919808
756051
467229
176809
35326
324200
587606
739454
230602
225650
227341
623081
801979
827431
80334
260740
681311
494370
856494
135659
908397
620949
351576
833281
692332
642936
930408
211649
601493
468547
141737
404036
405250
210387
810254
4941
221902
360134
508464
84464
379024
557633
707887
810276
342754
290912
458963
394858
309696
533379
921702
925582
82614
177255
888311
518935
588661
886236
783330
783931
201024
98787
848610
988584
295263
902867
902479
461217
162250
820257
29334
834921
22974
387171
957676
299310
60327
812082
836992
74598
350533
830766
154563
169872
165965
542256
321574
373144
254018
60318
865512
792300
48134
424653
400376
256286
781883
969412
661779
535490
896266
414886
231668
479166
365778
837584
752307
916375
190821
311981
819213
653673
189964
912864
349250
918274
677126
854257
920213
68384
16786
706162
109698
7838
735446
236272
550263
513890
286417
523282
424065
112759
133226
775791
804230
236524
491642
771365
39234
94409
238081
122534
652620
563782
468300
881194
19530
908060
607402
452165
280558
443381
332212
359064
193058
944758
857864
552826
471879
120299
622883
970952
526163
673995
559136
831257
921010
811233
219048
746413
652294
199596
256189
800850
147759
453481
886120
510487
712004
923456
367459
981357
53683
955003
367448
125566
84959
512712
493523
668749
686723
442506
200295
165723
381343
681481
666712
896167
681308
317662
515127
620115
297700
458770
459663
189766
955171
168330
191187
161931
858644
905855
531177
92909
589785
673192
538498
816007
964369
549864
859362
472307
169295
564390
308281
634160
962522
249550
83236
870035
284178
808354
918513
928972
417770
527871
240760
284882
411366
282381
182492
162596
646292
650724
28270
210448
124170
900688
488675
923399
672065
601703
499875
804624
392353
182754
357857
192255
134474
414771
362468
970038
217603
710485
167458
407247
640813
136090
650628
528002
207955
906642
864759
888773
940759
313703
278990
12919
918449
639443
361914
150678
372401
794117
571313
501668
744715
548022
836398
997579
60502
734851
948291
325749
15023
498394
858382
991130
243230
899872
82419
467365
850332
975957
310071
255103
478659
752064
986281
196763
91341
558559
848011
967670
29274
612025
544686
741432
127119
941695
942660
204668
283309
615991
791890
661536
282450
396303
269537
541187
857717
802853
630666
813108
54878
288090
723590
827867
341491
